
frame.size=65536
mic.in.dsp=true
audio.rate=16000
audio.type=short

mic.num=4
real.mic.num=4
in.mics =0,1,2,3
rs.mics =0,1,2,3
aec.mics=0,1,2,3
ref.mics=

bf.mics=0,1,2,3

mic.pos.0= 0.00000000, 0.02999910, 0.00000000
mic.pos.1= -0.02999710, 0.00000000, 0.00000000
mic.pos.2= 0.00000000, -0.03000190, 0.00000000
mic.pos.3= 0.02999990, 0.00000000, 0.00000000

mic.delay=0,0,0,0

codec=false

light.angle0=180
light.angle.mul=1

mutithread=false

compensate.adc.gain = 200.0
